date, odometer, distance, -kWh, +kWh
2023-01-02 16:38, 21848.4, 1.3, 0, 0
2023-01-02 16:38, 21850.6, 2.2, 0, 0
2023-01-03 12:22, 21857.5, 6.9, -1.5, 0
2023-01-03 19:32, 21919.9, 62.4, -10.9, 0
2023-01-06 16:08, 21973.1, 53.2, -5.1, 0
2023-01-07 13:34, 21977.2, 4.1, -1.5, 0
2023-01-08 15:48, 22055.4, 78.2, -15.2, 44.3
2023-01-08 17:13, 22132.2, 76.8, -7.3, 0
2023-01-10 13:24, 22140.6, 8.4, -2.2, 0
2023-01-10 13:41, 22148.9, 8.3, -1.5, 0
2023-01-11 12:27, 22157.3, 8.4, -0.7, 0
2023-01-12 14:02, 22161.0, 3.7, 0, 0
2023-01-12 15:35, 22162.2, 1.2, 0, 0
2023-01-13 09:04, 22162.2, 0, 0, 0
2023-01-13 10:15, 22163.4, 1.2, -1.5, 0
2023-01-14 13:34, 22165.5, 2.1, -0.7, 0
2023-01-14 14:27, 22167.5, 2, 0, 0
2023-01-15 13:41, 22244.9, 77.4, -16, 0
2023-01-15 17:30, 22245.5, 0.6, 0, 3.6
2023-01-15 19:17, 22323.0, 77.5, -11.6, 31.2
2023-01-16 10:49, 22327.1, 4.1, -1.5, 0
2023-01-16 17:50, 22328.6, 1.5, 0, 0
2023-01-17 14:54, 22334.4, 5.8, -1.5, 0
2023-01-18 09:50, 22339.5, 5.1, -1.5, 0
2023-01-18 12:19, 22344.6, 5.1, -0.7, 0
2023-01-20 13:47, 22346.4, 1.8, -0.7, 0
2023-01-20 14:12, 22348.1, 1.7, -1.5, 0
2023-01-21 10:46, 22351.7, 3.6, -1.5, 18.1
2023-01-21 13:25, 22355.2, 3.5, 0, 0
2023-01-21 19:07, 22361.9, 6.7, -2.2, 0
2023-01-22 03:15, 22369.4, 7.5, 0, 3.6
2023-01-22 11:06, 22567.8, 198.4, -44.3, 10.9
2023-01-22 12:13, 22571.2, 3.4, -0.7, 0
2023-01-22 12:50, 22574.6, 3.4, -0.7, 0
2023-01-22 13:46, 22578.0, 3.4, -0.7, 0
2023-01-22 14:34, 22581.4, 3.4, -0.7, 0
2023-01-22 15:58, 22634.2, 52.8, -7.3, 0
2023-01-22 17:14, 22726.0, 91.8, 0, 23.2
2023-01-22 18:42, 22780.8, 54.8, -8.7, 33.4
2023-01-23 10:58, 22784.6, 3.8, -1.5, 0
2023-01-23 11:16, 22788.0, 3.4, -0.7, 0
2023-01-23 11:44, 22792.2, 4.2, -0.7, 0
2023-01-23 11:56, 22794.2, 2, 0, 0
2023-01-24 16:29, 22813.9, 19.7, -5.8, 0
2023-01-25 10:32, 22817.5, 3.6, -0.7, 0
2023-01-25 11:02, 22821.1, 3.6, -0.7, 0
2023-01-25 12:45, 22826.4, 5.3, -0.7, 0
2023-01-27 17:16, 22832.4, 6, -2.2, 0
2023-01-29 11:12, 22909.8, 77.4, -16, 0
2023-01-29 17:07, 22987.5, 77.7, -16, 0
2023-01-31 14:44, 22992.7, 5.2, 0, 0
2023-01-31 15:13, 22996.1, 3.4, 0, 0
2023-01-31 15:26, 22997.6, 1.5, -0.7, 0
2023-01-31 15:38, 22999.2, 1.6, 0, 0
2023-02-01 10:38, 23018.8, 19.6, -4.4, 0
2023-02-01 12:28, 23023.8, 5, -0.7, 0
2023-02-01 14:14, 23040.1, 16.3, -3.6, 0
2023-02-04 18:56, 23047.1, 7, 0, 0
2023-02-05 00:23, 23054.4, 7.3, -1.5, 0
2023-02-06 12:59, 23055.9, 1.5, 0, 0
2023-02-06 16:09, 23056.7, 0.8, 0, 0
2023-02-07 12:29, 23057.9, 1.2, 0, 0
2023-02-07 14:28, 23060.5, 2.6, 0, 2.9
2023-02-07 14:44, 23063.2, 2.7, 0, 0
2023-02-08 12:29, 23065.7, 2.5, 0, 0
2023-02-08 12:39, 23068.4, 2.7, 0, 0
2023-02-09 13:13, 23076.2, 7.8, 0, 0
2023-02-09 15:41, 23082.7, 6.5, -1.5, 0
2023-02-10 13:41, 23084.1, 1.4, -0.7, 0
2023-02-10 14:16, 23097.1, 13, -2.2, 0
2023-02-10 15:37, 23110.3, 13.2, -2.2, 0
2023-02-10 16:49, 23111.7, 1.4, -0.7, 0
2023-02-11 13:23, 23123.8, 12.1, -4.4, 0
2023-02-11 14:23, 23129.2, 5.4, -0.7, 0
2023-02-11 14:40, 23137.2, 8, -1.5, 0
2023-02-14 14:29, 23139.8, 2.6, 0, 7.3
2023-02-14 14:53, 23148.1, 8.3, -0.7, 0
2023-02-14 15:35, 23153.6, 5.5, -0.7, 0
2023-02-14 15:54, 23157.4, 3.8, -0.7, 0
2023-02-15 09:38, 23162.4, 5, -0.7, 0
2023-02-15 12:13, 23167.5, 5.1, -1.5, 0
2023-02-18 11:05, 23365.0, 197.5, -36.3, 13.1
2023-02-18 12:13, 23368.4, 3.4, -0.7, 0
2023-02-18 13:34, 23371.2, 2.8, -0.7, 18.9
2023-02-18 13:56, 23374.5, 3.3, 0, 0
2023-02-18 14:47, 23377.8, 3.3, -0.7, 0
2023-02-18 17:29, 23575.6, 197.8, -37, 0
2023-02-19 13:58, 23582.8, 7.2, -1.5, 27.6
2023-02-19 17:48, 23589.5, 6.7, -0.7, 0
