date, odometer, distance, -kWh, +kWh
2023-01-02, 21850.6, 3.5, 0, 0
2023-01-03, 21919.9, 69.3, -12.3, 0
2023-01-04, 21919.9, 0, -7.3, 0
2023-01-06, 21973.1, 53.2, -5.1, 0
2023-01-07, 21977.2, 4.1, -1.5, 0
2023-01-08, 22132.2, 155, -22.5, 44.3
2023-01-10, 22148.9, 16.7, -5.1, 0
2023-01-11, 22157.3, 8.4, -0.7, 0
2023-01-12, 22162.2, 4.9, 0, 0
2023-01-13, 22163.4, 1.2, -1.5, 0
2023-01-14, 22167.5, 4.1, -0.7, 0
2023-01-15, 22323.0, 155.5, -27.6, 34.8
2023-01-16, 22328.6, 5.6, -1.5, 0
2023-01-17, 22334.4, 5.8, -1.5, 0
2023-01-18, 22344.6, 10.2, -2.2, 0
2023-01-20, 22348.1, 3.5, -2.2, 0
2023-01-21, 22361.9, 13.8, -3.6, 18.1
2023-01-22, 22780.8, 418.9, -63.2, 71.1
2023-01-23, 22794.2, 13.4, -2.9, 0
2023-01-24, 22813.9, 19.7, -5.8, 0
2023-01-25, 22826.4, 12.5, -2.2, 0
2023-01-27, 22832.4, 6, -2.2, 0
2023-01-29, 22987.5, 155.1, -31.9, 4.4
2023-01-30, 22987.5, 0, 0, 21.8
2023-01-31, 22999.2, 11.7, -0.7, 0
2023-02-01, 23040.1, 40.9, -8.7, 0
2023-02-04, 23047.1, 7, -3.6, 0
2023-02-05, 23054.4, 7.3, -1.5, 0
2023-02-06, 23056.7, 2.3, 0, 0
2023-02-07, 23063.2, 6.5, 0, 8
2023-02-08, 23068.4, 5.2, 0, 8
2023-02-09, 23082.7, 14.3, -1.5, 0
2023-02-10, 23111.7, 29, -5.8, 0
2023-02-11, 23137.2, 25.5, -6.5, 0
2023-02-14, 23157.4, 20.2, -2.2, 7.3
2023-02-15, 23167.5, 10.1, -2.2, 3.6
2023-02-16, 23167.5, 0, 0, 21.8
2023-02-17, 23167.5, 0, 0, 0
2023-02-18, 23575.6, 408.1, -75.5, 31.9
2023-02-19, 23589.5, 13.9, -2.2, 27.6
