date, odometer, distance, -kWh, +kWh
2023-01-13 10:12, 22163.4, 1.2, -1.4, 0.0
2023-01-14 13:58, 22165.5, 2.1, -0.7, 0.0
2023-01-14 14:27, 22167.5, 2.0, 0.0, 0.0
2023-01-15 13:41, 22244.9, 77.4, -15.4, 0.0
2023-01-15 17:30, 22245.5, 0.6, 0.0, 3.5
2023-01-15 19:13, 22323.0, 77.5, -11.2, 30.1
2023-01-16 10:49, 22327.1, 4.1, -1.4, 0.0
2023-01-16 17:50, 22328.6, 1.5, 0.0, 0.0
2023-01-17 14:54, 22334.4, 5.8, -1.4, 0.0
2023-01-18 09:50, 22339.5, 5.1, -1.4, 0.0
2023-01-18 12:15, 22344.6, 5.1, -0.7, 0.0
